%YAML:1.0
---
calibration_time: "Do 09 Mär 2017 14:04:51 "
nr_of_frames: 9.
image_width: 1280.
image_height: 720.
board_width: 9.
board_height: 6.
square_size: 280.
# flags: +use_lu
flags: 131072.
fisheye_model: 0.
camera_matrix: !!opencv-matrix
   rows: 3
   cols: 3
   dt: d
   data: [ 1.0687250840763766e+03, 0., 6.3526070691971165e+02, 0.,
       1.0737431805568067e+03, 3.5555335970090516e+02, 0., 0., 1. ]
distortion_coefficients: !!opencv-matrix
   rows: 1
   cols: 5
   dt: d
   data: [ -3.1759579767319194e-03, -2.0593634553884241e-01,
       -2.8115339213691912e-03, -3.8662066741185558e-03,
       2.4780625930115230e-01 ]
avg_reprojection_error: 4.3688555770812781e-01
